218.261
309
0
0
0
0
0
0
0
0
0
112
1.07
1
0
305.658
7
0
0
0
0
0
0
0
0
0
611.315
14
0
0
0
0
0
0
0
0
0
0
0
38
1.15
1
0
886.819
3
0
0
0
0
0
0
0
0
0
710.533
11
0
0
0
0
0
0
0
0
0
0
0
15
1.14
1
0
642.414
0
0
0
0
0
0
0
0
0
0
905.819
4
0
0
0
0
0
0
0
0
0
0
0
24
1.13
1
0
410.878
6
0
0
0
0
0
0
0
0
0
394.905
161
0
0
0
0
0
0
0
0
0
0
0
8
1.12
8.63123
0
291.133
5
0
0
0
0
0
0
0
0
0
707.862
256
0
0
0
0
0
0
0
0
0
0
0
0
1.11
96
0
480
6
0
0
0
0
0
0
0
0
0
160
224
1
0
0
0
0
0
0
0
0
0
0
0
1.1
384
0
440
19
0
0
0
0
0
0
0
0
0
920
929
14
0
0
0
0
0
0
0
0
0
0
0
1.09
1536
0
320
58
0
0
0
0
0
0
0
0
0
32
159
179
0
0
0
0
0
0
0
0
0
0
0
1.08
6144
0
960
174
0
0
0
0
0
0
0
0
0
480
908
149
2
0
0
0
0
0
0
0
0
0
0
1.07
36864
0
816
804
0
0
0
0
0
0
0
0
0
760
901
798
25
0
0
0
0
0
0
0
0
0
