379.816
238
0
0
0
0
0
0
0
0
0
110
1.07
1
0
381.044
6
0
0
0
0
0
0
0
0
0
762.089
12
0
0
0
0
0
0
0
0
0
0
0
53
1.15
1
0
380.895
31
0
0
0
0
0
0
0
0
0
126.245
95
0
0
0
0
0
0
0
0
0
0
0
36
1.14
1
0
590.686
9
0
0
0
0
0
0
0
0
0
386.547
76
0
0
0
0
0
0
0
0
0
0
0
31
1.13
1
0
2.28998
15
0
0
0
0
0
0
0
0
0
607.261
379
0
0
0
0
0
0
0
0
0
0
0
19
1.12
2.11535
0
375.734
18
0
0
0
0
0
0
0
0
0
971.132
892
0
0
0
0
0
0
0
0
0
0
0
1
1.11
85.44
0
192.8
7
0
0
0
0
0
0
0
0
0
817.6
358
1
0
0
0
0
0
0
0
0
0
0
0
1.1
384
0
440
19
0
0
0
0
0
0
0
0
0
920
929
14
0
0
0
0
0
0
0
0
0
0
0
1.09
1536
0
320
58
0
0
0
0
0
0
0
0
0
32
159
179
0
0
0
0
0
0
0
0
0
0
0
1.08
6144
0
960
174
0
0
0
0
0
0
0
0
0
480
908
149
2
0
0
0
0
0
0
0
0
0
0
1.07
36864
0
816
804
0
0
0
0
0
0
0
0
0
760
901
798
25
0
0
0
0
0
0
0
0
0
