0
0
0
0
0
0
0
0
0
0
0
1
1.07
1
0
4
0
0
0
0
0
0
0
0
0
0
8
0
0
0
0
0
0
0
0
0
0
0
0
0
1.15
3
0
20
0
0
0
0
0
0
0
0
0
0
60
0
0
0
0
0
0
0
0
0
0
0
0
0
1.14
6
0
90
0
0
0
0
0
0
0
0
0
0
720
0
0
0
0
0
0
0
0
0
0
0
0
0
1.13
24
0
360
0
0
0
0
0
0
0
0
0
0
640
8
0
0
0
0
0
0
0
0
0
0
0
0
1.12
24
0
137
2
0
0
0
0
0
0
0
0
0
680
103
0
0
0
0
0
0
0
0
0
0
0
0
1.11
96
0
480
6
0
0
0
0
0
0
0
0
0
160
224
1
0
0
0
0
0
0
0
0
0
0
0
1.1
384
0
440
19
0
0
0
0
0
0
0
0
0
920
929
14
0
0
0
0
0
0
0
0
0
0
0
1.09
1536
0
320
58
0
0
0
0
0
0
0
0
0
32
159
179
0
0
0
0
0
0
0
0
0
0
0
1.08
6144
0
960
174
0
0
0
0
0
0
0
0
0
480
908
149
2
0
0
0
0
0
0
0
0
0
0
1.07
36864
0
816
804
0
0
0
0
0
0
0
0
0
760
901
798
25
0
0
0
0
0
0
0
0
0
